15,19967,14079
15,19967,14080
15,19967,14081
15,19967,14082
15,19967,14083
15,19967,14084
15,19967,14085
15,19967,14086
15,19967,14087
15,19967,14088
15,19967,14089
15,19967,14090
15,19967,14091
15,19967,14092
15,19967,14093
15,19967,14094
15,19967,14095
15,19967,14096
15,19967,14097
15,19967,14098
15,19967,14099
15,19967,14100
15,19967,14101
15,19967,14102
15,19967,14103
15,19967,14104
15,19967,14105
15,19967,14106
15,19967,14107
15,19967,14108
15,19967,14109
15,19967,14110
15,19967,14111
15,19967,14112
15,19968,14079
15,19968,14080
15,19968,14081
15,19968,14082
15,19968,14083
15,19968,14084
15,19968,14085
15,19968,14086
15,19968,14087
15,19968,14088
15,19968,14089
15,19968,14090
15,19968,14091
15,19968,14092
15,19968,14093
15,19968,14094
15,19968,14095
15,19968,14096
15,19968,14097
15,19968,14098
15,19968,14099
15,19968,14100
15,19968,14101
15,19968,14102
15,19968,14103
15,19968,14104
15,19968,14105
15,19968,14106
15,19968,14107
15,19968,14108
15,19968,14109
15,19968,14110
15,19968,14111
15,19968,14112
15,19969,14079
15,19969,14080
15,19969,14081
15,19969,14082
15,19969,14083
15,19969,14084
15,19969,14085
15,19969,14086
15,19969,14087
15,19969,14088
15,19969,14089
15,19969,14090
15,19969,14091
15,19969,14092
15,19969,14093
15,19969,14094
15,19969,14095
15,19969,14096
15,19969,14097
15,19969,14098
15,19969,14099
15,19969,14100
15,19969,14101
15,19969,14102
15,19969,14103
15,19969,14104
15,19969,14105
15,19969,14106
15,19969,14107
15,19969,14108
15,19969,14109
15,19969,14110
15,19969,14111
15,19969,14112
15,19970,14079
15,19970,14080
15,19970,14081
15,19970,14082
15,19970,14083
15,19970,14084
15,19970,14085
15,19970,14086
15,19970,14087
15,19970,14088
15,19970,14089
15,19970,14090
15,19970,14091
15,19970,14092
15,19970,14093
15,19970,14094
15,19970,14095
15,19970,14096
15,19970,14097
15,19970,14098
15,19970,14099
15,19970,14100
15,19970,14101
15,19970,14102
15,19970,14103
15,19970,14104
15,19970,14105
15,19970,14106
15,19970,14107
15,19970,14108
15,19970,14109
15,19970,14110
15,19970,14111
15,19970,14112
15,19971,14079
15,19971,14080
15,19971,14081
15,19971,14082
15,19971,14083
15,19971,14084
15,19971,14085
15,19971,14086
15,19971,14087
15,19971,14088
15,19971,14089
15,19971,14090
15,19971,14091
15,19971,14092
15,19971,14093
15,19971,14094
15,19971,14095
15,19971,14096
15,19971,14097
15,19971,14098
15,19971,14099
15,19971,14100
15,19971,14101
15,19971,14102
15,19971,14103
15,19971,14104
15,19971,14105
15,19971,14106
15,19971,14107
15,19971,14108
15,19971,14109
15,19971,14110
15,19971,14111
15,19971,14112
15,19972,14079
15,19972,14080
15,19972,14081
15,19972,14082
15,19972,14083
15,19972,14084
15,19972,14085
15,19972,14086
15,19972,14087
15,19972,14088
15,19972,14089
15,19972,14090
15,19972,14091
15,19972,14092
15,19972,14093
15,19972,14094
15,19972,14095
15,19972,14096
15,19972,14097
15,19972,14098
15,19972,14099
15,19972,14100
15,19972,14101
15,19972,14102
15,19972,14103
15,19972,14104
15,19972,14105
15,19972,14106
15,19972,14107
15,19972,14108
15,19972,14109
15,19972,14110
15,19972,14111
15,19972,14112
15,19973,14079
15,19973,14080
15,19973,14081
15,19973,14082
15,19973,14083
15,19973,14084
15,19973,14085
15,19973,14086
15,19973,14087
15,19973,14088
15,19973,14089
15,19973,14090
15,19973,14091
15,19973,14092
15,19973,14093
15,19973,14094
15,19973,14095
15,19973,14096
15,19973,14097
15,19973,14098
15,19973,14099
15,19973,14100
15,19973,14101
15,19973,14102
15,19973,14103
15,19973,14104
15,19973,14105
15,19973,14106
15,19973,14107
15,19973,14108
15,19973,14109
15,19973,14110
15,19973,14111
15,19973,14112
15,19974,14079
15,19974,14080
15,19974,14081
15,19974,14082
15,19974,14083
15,19974,14084
15,19974,14085
15,19974,14086
15,19974,14087
15,19974,14088
15,19974,14089
15,19974,14090
15,19974,14091
15,19974,14092
15,19974,14093
15,19974,14094
15,19974,14095
15,19974,14096
15,19974,14097
15,19974,14098
15,19974,14099
15,19974,14100
15,19974,14101
15,19974,14102
15,19974,14103
15,19974,14104
15,19974,14105
15,19974,14106
15,19974,14107
15,19974,14108
15,19974,14109
15,19974,14110
15,19974,14111
15,19974,14112
15,19975,14079
15,19975,14080
15,19975,14081
15,19975,14082
15,19975,14083
15,19975,14084
15,19975,14085
15,19975,14086
15,19975,14087
15,19975,14088
15,19975,14089
15,19975,14090
15,19975,14091
15,19975,14092
15,19975,14093
15,19975,14094
15,19975,14095
15,19975,14096
15,19975,14097
15,19975,14098
15,19975,14099
15,19975,14100
15,19975,14101
15,19975,14102
15,19975,14103
15,19975,14104
15,19975,14105
15,19975,14106
15,19975,14107
15,19975,14108
15,19975,14109
15,19975,14110
15,19975,14111
15,19975,14112
15,19976,14079
15,19976,14080
15,19976,14081
15,19976,14082
15,19976,14083
15,19976,14084
15,19976,14085
15,19976,14086
15,19976,14087
15,19976,14088
15,19976,14089
15,19976,14090
15,19976,14091
15,19976,14092
15,19976,14093
15,19976,14094
15,19976,14095
15,19976,14096
15,19976,14097
15,19976,14098
15,19976,14099
15,19976,14100
15,19976,14101
15,19976,14102
15,19976,14103
15,19976,14104
15,19976,14105
15,19976,14106
15,19976,14107
15,19976,14108
15,19976,14109
15,19976,14110
15,19976,14111
15,19976,14112
15,19977,14079
15,19977,14080
15,19977,14081
15,19977,14082
15,19977,14083
15,19977,14084
15,19977,14085
15,19977,14086
15,19977,14087
15,19977,14088
15,19977,14089
15,19977,14090
15,19977,14091
15,19977,14092
15,19977,14093
15,19977,14094
15,19977,14095
15,19977,14096
15,19977,14097
15,19977,14098
15,19977,14099
15,19977,14100
15,19977,14101
15,19977,14102
15,19977,14103
15,19977,14104
15,19977,14105
15,19977,14106
15,19977,14107
15,19977,14108
15,19977,14109
15,19977,14110
15,19977,14111
15,19977,14112
15,19978,14079
15,19978,14080
15,19978,14081
15,19978,14082
15,19978,14083
15,19978,14084
15,19978,14085
15,19978,14086
15,19978,14087
15,19978,14088
15,19978,14089
15,19978,14090
15,19978,14091
15,19978,14092
15,19978,14093
15,19978,14094
15,19978,14095
15,19978,14096
15,19978,14097
15,19978,14098
15,19978,14099
15,19978,14100
15,19978,14101
15,19978,14102
15,19978,14103
15,19978,14104
15,19978,14105
15,19978,14106
15,19978,14107
15,19978,14108
15,19978,14109
15,19978,14110
15,19978,14111
15,19978,14112
15,19979,14079
15,19979,14080
15,19979,14081
15,19979,14082
15,19979,14083
15,19979,14084
15,19979,14085
15,19979,14086
15,19979,14087
15,19979,14088
15,19979,14089
15,19979,14090
15,19979,14091
15,19979,14092
15,19979,14093
15,19979,14094
15,19979,14095
15,19979,14096
15,19979,14097
15,19979,14098
15,19979,14099
15,19979,14100
15,19979,14101
15,19979,14102
15,19979,14103
15,19979,14104
15,19979,14105
15,19979,14106
15,19979,14107
15,19979,14108
15,19979,14109
15,19979,14110
15,19979,14111
15,19979,14112
15,19980,14079
15,19980,14080
15,19980,14081
15,19980,14082
15,19980,14083
15,19980,14084
15,19980,14085
15,19980,14086
15,19980,14087
15,19980,14088
15,19980,14089
15,19980,14090
15,19980,14091
15,19980,14092
15,19980,14093
15,19980,14094
15,19980,14095
15,19980,14096
15,19980,14097
15,19980,14098
15,19980,14099
15,19980,14100
15,19980,14101
15,19980,14102
15,19980,14103
15,19980,14104
15,19980,14105
15,19980,14106
15,19980,14107
15,19980,14108
15,19980,14109
15,19980,14110
15,19980,14111
15,19980,14112
15,19981,14079
15,19981,14080
15,19981,14081
15,19981,14082
15,19981,14083
15,19981,14084
15,19981,14085
15,19981,14086
15,19981,14087
15,19981,14088
15,19981,14089
15,19981,14090
15,19981,14091
15,19981,14092
15,19981,14093
15,19981,14094
15,19981,14095
15,19981,14096
15,19981,14097
15,19981,14098
15,19981,14099
15,19981,14100
15,19981,14101
15,19981,14102
15,19981,14103
15,19981,14104
15,19981,14105
15,19981,14106
15,19981,14107
15,19981,14108
15,19981,14109
15,19981,14110
15,19981,14111
15,19981,14112
15,19982,14079
15,19982,14080
15,19982,14081
15,19982,14082
15,19982,14083
15,19982,14084
15,19982,14085
15,19982,14086
15,19982,14087
15,19982,14088
15,19982,14089
15,19982,14090
15,19982,14091
15,19982,14092
15,19982,14093
15,19982,14094
15,19982,14095
15,19982,14096
15,19982,14097
15,19982,14098
15,19982,14099
15,19982,14100
15,19982,14101
15,19982,14102
15,19982,14103
15,19982,14104
15,19982,14105
15,19982,14106
15,19982,14107
15,19982,14108
15,19982,14109
15,19982,14110
15,19982,14111
15,19982,14112
15,19983,14079
15,19983,14080
15,19983,14081
15,19983,14082
15,19983,14083
15,19983,14084
15,19983,14085
15,19983,14086
15,19983,14087
15,19983,14088
15,19983,14089
15,19983,14090
15,19983,14091
15,19983,14092
15,19983,14093
15,19983,14094
15,19983,14095
15,19983,14096
15,19983,14097
15,19983,14098
15,19983,14099
15,19983,14100
15,19983,14101
15,19983,14102
15,19983,14103
15,19983,14104
15,19983,14105
15,19983,14106
15,19983,14107
15,19983,14108
15,19983,14109
15,19983,14110
15,19983,14111
15,19983,14112
15,19984,14079
15,19984,14080
15,19984,14081
15,19984,14082
15,19984,14083
15,19984,14084
15,19984,14085
15,19984,14086
15,19984,14087
15,19984,14088
15,19984,14089
15,19984,14090
15,19984,14091
15,19984,14092
15,19984,14093
15,19984,14094
15,19984,14095
15,19984,14096
15,19984,14097
15,19984,14098
15,19984,14099
15,19984,14100
15,19984,14101
15,19984,14102
15,19984,14103
15,19984,14104
15,19984,14105
15,19984,14106
15,19984,14107
15,19984,14108
15,19984,14109
15,19984,14110
15,19984,14111
15,19984,14112
15,19985,14079
15,19985,14080
15,19985,14081
15,19985,14082
15,19985,14083
15,19985,14084
15,19985,14085
15,19985,14086
15,19985,14087
15,19985,14088
15,19985,14089
15,19985,14090
15,19985,14091
15,19985,14092
15,19985,14093
15,19985,14094
15,19985,14095
15,19985,14096
15,19985,14097
15,19985,14098
15,19985,14099
15,19985,14100
15,19985,14101
15,19985,14102
15,19985,14103
15,19985,14104
15,19985,14105
15,19985,14106
15,19985,14107
15,19985,14108
15,19985,14109
15,19985,14110
15,19985,14111
15,19985,14112
15,19986,14079
15,19986,14080
15,19986,14081
15,19986,14082
15,19986,14083
15,19986,14084
15,19986,14085
15,19986,14086
15,19986,14087
15,19986,14088
15,19986,14089
15,19986,14090
15,19986,14091
15,19986,14092
15,19986,14093
15,19986,14094
15,19986,14095
15,19986,14096
15,19986,14097
15,19986,14098
15,19986,14099
15,19986,14100
15,19986,14101
15,19986,14102
15,19986,14103
15,19986,14104
15,19986,14105
15,19986,14106
15,19986,14107
15,19986,14108
15,19986,14109
15,19986,14110
15,19986,14111
15,19986,14112
15,19987,14079
15,19987,14080
15,19987,14081
15,19987,14082
15,19987,14083
15,19987,14084
15,19987,14085
15,19987,14086
15,19987,14087
15,19987,14088
15,19987,14089
15,19987,14090
15,19987,14091
15,19987,14092
15,19987,14093
15,19987,14094
15,19987,14095
15,19987,14096
15,19987,14097
15,19987,14098
15,19987,14099
15,19987,14100
15,19987,14101
15,19987,14102
15,19987,14103
15,19987,14104
15,19987,14105
15,19987,14106
15,19987,14107
15,19987,14108
15,19987,14109
15,19987,14110
15,19987,14111
15,19987,14112
15,19988,14079
15,19988,14080
15,19988,14081
15,19988,14082
15,19988,14083
15,19988,14084
15,19988,14085
15,19988,14086
15,19988,14087
15,19988,14088
15,19988,14089
15,19988,14090
15,19988,14091
15,19988,14092
15,19988,14093
15,19988,14094
15,19988,14095
15,19988,14096
15,19988,14097
15,19988,14098
15,19988,14099
15,19988,14100
15,19988,14101
15,19988,14102
15,19988,14103
15,19988,14104
15,19988,14105
15,19988,14106
15,19988,14107
15,19988,14108
15,19988,14109
15,19988,14110
15,19988,14111
15,19988,14112
15,19989,14079
15,19989,14080
15,19989,14081
15,19989,14082
15,19989,14083
15,19989,14084
15,19989,14085
15,19989,14086
15,19989,14087
15,19989,14088
15,19989,14089
15,19989,14090
15,19989,14091
15,19989,14092
15,19989,14093
15,19989,14094
15,19989,14095
15,19989,14096
15,19989,14097
15,19989,14098
15,19989,14099
15,19989,14100
15,19989,14101
15,19989,14102
15,19989,14103
15,19989,14104
15,19989,14105
15,19989,14106
15,19989,14107
15,19989,14108
15,19989,14109
15,19989,14110
15,19989,14111
15,19989,14112
15,19990,14079
15,19990,14080
15,19990,14081
15,19990,14082
15,19990,14083
15,19990,14084
15,19990,14085
15,19990,14086
15,19990,14087
15,19990,14088
15,19990,14089
15,19990,14090
15,19990,14091
15,19990,14092
15,19990,14093
15,19990,14094
15,19990,14095
15,19990,14096
15,19990,14097
15,19990,14098
15,19990,14099
15,19990,14100
15,19990,14101
15,19990,14102
15,19990,14103
15,19990,14104
15,19990,14105
15,19990,14106
15,19990,14107
15,19990,14108
15,19990,14109
15,19990,14110
15,19990,14111
15,19990,14112
15,19991,14079
15,19991,14080
15,19991,14081
15,19991,14082
15,19991,14083
15,19991,14084
15,19991,14085
15,19991,14086
15,19991,14087
15,19991,14088
15,19991,14089
15,19991,14090
15,19991,14091
15,19991,14092
15,19991,14093
15,19991,14094
15,19991,14095
15,19991,14096
15,19991,14097
15,19991,14098
15,19991,14099
15,19991,14100
15,19991,14101
15,19991,14102
15,19991,14103
15,19991,14104
15,19991,14105
15,19991,14106
15,19991,14107
15,19991,14108
15,19991,14109
15,19991,14110
15,19991,14111
15,19991,14112
15,19992,14079
15,19992,14080
15,19992,14081
15,19992,14082
15,19992,14083
15,19992,14084
15,19992,14085
15,19992,14086
15,19992,14087
15,19992,14088
15,19992,14089
15,19992,14090
15,19992,14091
15,19992,14092
15,19992,14093
15,19992,14094
15,19992,14095
15,19992,14096
15,19992,14097
15,19992,14098
15,19992,14099
15,19992,14100
15,19992,14101
15,19992,14102
15,19992,14103
15,19992,14104
15,19992,14105
15,19992,14106
15,19992,14107
15,19992,14108
15,19992,14109
15,19992,14110
15,19992,14111
15,19992,14112
15,19993,14079
15,19993,14080
15,19993,14081
15,19993,14082
15,19993,14083
15,19993,14084
15,19993,14085
15,19993,14086
15,19993,14087
15,19993,14088
15,19993,14089
15,19993,14090
15,19993,14091
15,19993,14092
15,19993,14093
15,19993,14094
15,19993,14095
15,19993,14096
15,19993,14097
15,19993,14098
15,19993,14099
15,19993,14100
15,19993,14101
15,19993,14102
15,19993,14103
15,19993,14104
15,19993,14105
15,19993,14106
15,19993,14107
15,19993,14108
15,19993,14109
15,19993,14110
15,19993,14111
15,19993,14112
15,19994,14079
15,19994,14080
15,19994,14081
15,19994,14082
15,19994,14083
15,19994,14084
15,19994,14085
15,19994,14086
15,19994,14087
15,19994,14088
15,19994,14089
15,19994,14090
15,19994,14091
15,19994,14092
15,19994,14093
15,19994,14094
15,19994,14095
15,19994,14096
15,19994,14097
15,19994,14098
15,19994,14099
15,19994,14100
15,19994,14101
15,19994,14102
15,19994,14103
15,19994,14104
15,19994,14105
15,19994,14106
15,19994,14107
15,19994,14108
15,19994,14109
15,19994,14110
15,19994,14111
15,19994,14112
15,19995,14079
15,19995,14080
15,19995,14081
15,19995,14082
15,19995,14083
15,19995,14084
15,19995,14085
15,19995,14086
15,19995,14087
15,19995,14088
15,19995,14089
15,19995,14090
15,19995,14091
15,19995,14092
15,19995,14093
15,19995,14094
15,19995,14095
15,19995,14096
15,19995,14097
15,19995,14098
15,19995,14099
15,19995,14100
15,19995,14101
15,19995,14102
15,19995,14103
15,19995,14104
15,19995,14105
15,19995,14106
15,19995,14107
15,19995,14108
15,19995,14109
15,19995,14110
15,19995,14111
15,19995,14112
15,19996,14079
15,19996,14080
15,19996,14081
15,19996,14082
15,19996,14083
15,19996,14084
15,19996,14085
15,19996,14086
15,19996,14087
15,19996,14088
15,19996,14089
15,19996,14090
15,19996,14091
15,19996,14092
15,19996,14093
15,19996,14094
15,19996,14095
15,19996,14096
15,19996,14097
15,19996,14098
15,19996,14099
15,19996,14100
15,19996,14101
15,19996,14102
15,19996,14103
15,19996,14104
15,19996,14105
15,19996,14106
15,19996,14107
15,19996,14108
15,19996,14109
15,19996,14110
15,19996,14111
15,19996,14112
15,19997,14079
15,19997,14080
15,19997,14081
15,19997,14082
15,19997,14083
15,19997,14084
15,19997,14085
15,19997,14086
15,19997,14087
15,19997,14088
15,19997,14089
15,19997,14090
15,19997,14091
15,19997,14092
15,19997,14093
15,19997,14094
15,19997,14095
15,19997,14096
15,19997,14097
15,19997,14098
15,19997,14099
15,19997,14100
15,19997,14101
15,19997,14102
15,19997,14103
15,19997,14104
15,19997,14105
15,19997,14106
15,19997,14107
15,19997,14108
15,19997,14109
15,19997,14110
15,19997,14111
15,19997,14112
15,19998,14079
15,19998,14080
15,19998,14081
15,19998,14082
15,19998,14083
15,19998,14084
15,19998,14085
15,19998,14086
15,19998,14087
15,19998,14088
15,19998,14089
15,19998,14090
15,19998,14091
15,19998,14092
15,19998,14093
15,19998,14094
15,19998,14095
15,19998,14096
15,19998,14097
15,19998,14098
15,19998,14099
15,19998,14100
15,19998,14101
15,19998,14102
15,19998,14103
15,19998,14104
15,19998,14105
15,19998,14106
15,19998,14107
15,19998,14108
15,19998,14109
15,19998,14110
15,19998,14111
15,19998,14112
15,19999,14079
15,19999,14080
15,19999,14081
15,19999,14082
15,19999,14083
15,19999,14084
15,19999,14085
15,19999,14086
15,19999,14087
15,19999,14088
15,19999,14089
15,19999,14090
15,19999,14091
15,19999,14092
15,19999,14093
15,19999,14094
15,19999,14095
15,19999,14096
15,19999,14097
15,19999,14098
15,19999,14099
15,19999,14100
15,19999,14101
15,19999,14102
15,19999,14103
15,19999,14104
15,19999,14105
15,19999,14106
15,19999,14107
15,19999,14108
15,19999,14109
15,19999,14110
15,19999,14111
15,19999,14112
15,20000,14079
15,20000,14080
15,20000,14081
15,20000,14082
15,20000,14083
15,20000,14084
15,20000,14085
15,20000,14086
15,20000,14087
15,20000,14088
15,20000,14089
15,20000,14090
15,20000,14091
15,20000,14092
15,20000,14093
15,20000,14094
15,20000,14095
15,20000,14096
15,20000,14097
15,20000,14098
15,20000,14099
15,20000,14100
15,20000,14101
15,20000,14102
15,20000,14103
15,20000,14104
15,20000,14105
15,20000,14106
15,20000,14107
15,20000,14108
15,20000,14109
15,20000,14110
15,20000,14111
15,20000,14112
