15,20367,13887
15,20367,13888
15,20367,13889
15,20367,13890
15,20367,13891
15,20367,13892
15,20367,13893
15,20367,13894
15,20367,13895
15,20367,13896
15,20367,13897
15,20367,13898
15,20367,13899
15,20367,13900
15,20367,13901
15,20367,13902
15,20367,13903
15,20367,13904
15,20368,13887
15,20368,13888
15,20368,13889
15,20368,13890
15,20368,13891
15,20368,13892
15,20368,13893
15,20368,13894
15,20368,13895
15,20368,13896
15,20368,13897
15,20368,13898
15,20368,13899
15,20368,13900
15,20368,13901
15,20368,13902
15,20368,13903
15,20368,13904
15,20369,13887
15,20369,13888
15,20369,13889
15,20369,13890
15,20369,13891
15,20369,13892
15,20369,13893
15,20369,13894
15,20369,13895
15,20369,13896
15,20369,13897
15,20369,13898
15,20369,13899
15,20369,13900
15,20369,13901
15,20369,13902
15,20369,13903
15,20369,13904
15,20370,13887
15,20370,13888
15,20370,13889
15,20370,13890
15,20370,13891
15,20370,13892
15,20370,13893
15,20370,13894
15,20370,13895
15,20370,13896
15,20370,13897
15,20370,13898
15,20370,13899
15,20370,13900
15,20370,13901
15,20370,13902
15,20370,13903
15,20370,13904
15,20371,13887
15,20371,13888
15,20371,13889
15,20371,13890
15,20371,13891
15,20371,13892
15,20371,13893
15,20371,13894
15,20371,13895
15,20371,13896
15,20371,13897
15,20371,13898
15,20371,13899
15,20371,13900
15,20371,13901
15,20371,13902
15,20371,13903
15,20371,13904
15,20372,13887
15,20372,13888
15,20372,13889
15,20372,13890
15,20372,13891
15,20372,13892
15,20372,13893
15,20372,13894
15,20372,13895
15,20372,13896
15,20372,13897
15,20372,13898
15,20372,13899
15,20372,13900
15,20372,13901
15,20372,13902
15,20372,13903
15,20372,13904
15,20373,13887
15,20373,13888
15,20373,13889
15,20373,13890
15,20373,13891
15,20373,13892
15,20373,13893
15,20373,13894
15,20373,13895
15,20373,13896
15,20373,13897
15,20373,13898
15,20373,13899
15,20373,13900
15,20373,13901
15,20373,13902
15,20373,13903
15,20373,13904
15,20374,13887
15,20374,13888
15,20374,13889
15,20374,13890
15,20374,13891
15,20374,13892
15,20374,13893
15,20374,13894
15,20374,13895
15,20374,13896
15,20374,13897
15,20374,13898
15,20374,13899
15,20374,13900
15,20374,13901
15,20374,13902
15,20374,13903
15,20374,13904
15,20375,13887
15,20375,13888
15,20375,13889
15,20375,13890
15,20375,13891
15,20375,13892
15,20375,13893
15,20375,13894
15,20375,13895
15,20375,13896
15,20375,13897
15,20375,13898
15,20375,13899
15,20375,13900
15,20375,13901
15,20375,13902
15,20375,13903
15,20375,13904
15,20376,13887
15,20376,13888
15,20376,13889
15,20376,13890
15,20376,13891
15,20376,13892
15,20376,13893
15,20376,13894
15,20376,13895
15,20376,13896
15,20376,13897
15,20376,13898
15,20376,13899
15,20376,13900
15,20376,13901
15,20376,13902
15,20376,13903
15,20376,13904
15,20377,13887
15,20377,13888
15,20377,13889
15,20377,13890
15,20377,13891
15,20377,13892
15,20377,13893
15,20377,13894
15,20377,13895
15,20377,13896
15,20377,13897
15,20377,13898
15,20377,13899
15,20377,13900
15,20377,13901
15,20377,13902
15,20377,13903
15,20377,13904
15,20378,13887
15,20378,13888
15,20378,13889
15,20378,13890
15,20378,13891
15,20378,13892
15,20378,13893
15,20378,13894
15,20378,13895
15,20378,13896
15,20378,13897
15,20378,13898
15,20378,13899
15,20378,13900
15,20378,13901
15,20378,13902
15,20378,13903
15,20378,13904
15,20379,13887
15,20379,13888
15,20379,13889
15,20379,13890
15,20379,13891
15,20379,13892
15,20379,13893
15,20379,13894
15,20379,13895
15,20379,13896
15,20379,13897
15,20379,13898
15,20379,13899
15,20379,13900
15,20379,13901
15,20379,13902
15,20379,13903
15,20379,13904
15,20380,13887
15,20380,13888
15,20380,13889
15,20380,13890
15,20380,13891
15,20380,13892
15,20380,13893
15,20380,13894
15,20380,13895
15,20380,13896
15,20380,13897
15,20380,13898
15,20380,13899
15,20380,13900
15,20380,13901
15,20380,13902
15,20380,13903
15,20380,13904
15,20381,13887
15,20381,13888
15,20381,13889
15,20381,13890
15,20381,13891
15,20381,13892
15,20381,13893
15,20381,13894
15,20381,13895
15,20381,13896
15,20381,13897
15,20381,13898
15,20381,13899
15,20381,13900
15,20381,13901
15,20381,13902
15,20381,13903
15,20381,13904
15,20382,13887
15,20382,13888
15,20382,13889
15,20382,13890
15,20382,13891
15,20382,13892
15,20382,13893
15,20382,13894
15,20382,13895
15,20382,13896
15,20382,13897
15,20382,13898
15,20382,13899
15,20382,13900
15,20382,13901
15,20382,13902
15,20382,13903
15,20382,13904
15,20383,13887
15,20383,13888
15,20383,13889
15,20383,13890
15,20383,13891
15,20383,13892
15,20383,13893
15,20383,13894
15,20383,13895
15,20383,13896
15,20383,13897
15,20383,13898
15,20383,13899
15,20383,13900
15,20383,13901
15,20383,13902
15,20383,13903
15,20383,13904
15,20384,13887
15,20384,13888
15,20384,13889
15,20384,13890
15,20384,13891
15,20384,13892
15,20384,13893
15,20384,13894
15,20384,13895
15,20384,13896
15,20384,13897
15,20384,13898
15,20384,13899
15,20384,13900
15,20384,13901
15,20384,13902
15,20384,13903
15,20384,13904
