15,20927,13887
15,20927,13888
15,20927,13889
15,20927,13890
15,20927,13891
15,20927,13892
15,20927,13893
15,20927,13894
15,20927,13895
15,20927,13896
15,20927,13897
15,20927,13898
15,20927,13899
15,20927,13900
15,20927,13901
15,20927,13902
15,20927,13903
15,20927,13904
15,20927,13905
15,20927,13906
15,20927,13907
15,20927,13908
15,20927,13909
15,20927,13910
15,20927,13911
15,20927,13912
15,20927,13913
15,20927,13914
15,20927,13915
15,20927,13916
15,20927,13917
15,20927,13918
15,20927,13919
15,20927,13920
15,20928,13887
15,20928,13888
15,20928,13889
15,20928,13890
15,20928,13891
15,20928,13892
15,20928,13893
15,20928,13894
15,20928,13895
15,20928,13896
15,20928,13897
15,20928,13898
15,20928,13899
15,20928,13900
15,20928,13901
15,20928,13902
15,20928,13903
15,20928,13904
15,20928,13905
15,20928,13906
15,20928,13907
15,20928,13908
15,20928,13909
15,20928,13910
15,20928,13911
15,20928,13912
15,20928,13913
15,20928,13914
15,20928,13915
15,20928,13916
15,20928,13917
15,20928,13918
15,20928,13919
15,20928,13920
15,20929,13887
15,20929,13888
15,20929,13889
15,20929,13890
15,20929,13891
15,20929,13892
15,20929,13893
15,20929,13894
15,20929,13895
15,20929,13896
15,20929,13897
15,20929,13898
15,20929,13899
15,20929,13900
15,20929,13901
15,20929,13902
15,20929,13903
15,20929,13904
15,20929,13905
15,20929,13906
15,20929,13907
15,20929,13908
15,20929,13909
15,20929,13910
15,20929,13911
15,20929,13912
15,20929,13913
15,20929,13914
15,20929,13915
15,20929,13916
15,20929,13917
15,20929,13918
15,20929,13919
15,20929,13920
15,20930,13887
15,20930,13888
15,20930,13889
15,20930,13890
15,20930,13891
15,20930,13892
15,20930,13893
15,20930,13894
15,20930,13895
15,20930,13896
15,20930,13897
15,20930,13898
15,20930,13899
15,20930,13900
15,20930,13901
15,20930,13902
15,20930,13903
15,20930,13904
15,20930,13905
15,20930,13906
15,20930,13907
15,20930,13908
15,20930,13909
15,20930,13910
15,20930,13911
15,20930,13912
15,20930,13913
15,20930,13914
15,20930,13915
15,20930,13916
15,20930,13917
15,20930,13918
15,20930,13919
15,20930,13920
15,20931,13887
15,20931,13888
15,20931,13889
15,20931,13890
15,20931,13891
15,20931,13892
15,20931,13893
15,20931,13894
15,20931,13895
15,20931,13896
15,20931,13897
15,20931,13898
15,20931,13899
15,20931,13900
15,20931,13901
15,20931,13902
15,20931,13903
15,20931,13904
15,20931,13905
15,20931,13906
15,20931,13907
15,20931,13908
15,20931,13909
15,20931,13910
15,20931,13911
15,20931,13912
15,20931,13913
15,20931,13914
15,20931,13915
15,20931,13916
15,20931,13917
15,20931,13918
15,20931,13919
15,20931,13920
15,20932,13887
15,20932,13888
15,20932,13889
15,20932,13890
15,20932,13891
15,20932,13892
15,20932,13893
15,20932,13894
15,20932,13895
15,20932,13896
15,20932,13897
15,20932,13898
15,20932,13899
15,20932,13900
15,20932,13901
15,20932,13902
15,20932,13903
15,20932,13904
15,20932,13905
15,20932,13906
15,20932,13907
15,20932,13908
15,20932,13909
15,20932,13910
15,20932,13911
15,20932,13912
15,20932,13913
15,20932,13914
15,20932,13915
15,20932,13916
15,20932,13917
15,20932,13918
15,20932,13919
15,20932,13920
15,20933,13887
15,20933,13888
15,20933,13889
15,20933,13890
15,20933,13891
15,20933,13892
15,20933,13893
15,20933,13894
15,20933,13895
15,20933,13896
15,20933,13897
15,20933,13898
15,20933,13899
15,20933,13900
15,20933,13901
15,20933,13902
15,20933,13903
15,20933,13904
15,20933,13905
15,20933,13906
15,20933,13907
15,20933,13908
15,20933,13909
15,20933,13910
15,20933,13911
15,20933,13912
15,20933,13913
15,20933,13914
15,20933,13915
15,20933,13916
15,20933,13917
15,20933,13918
15,20933,13919
15,20933,13920
15,20934,13887
15,20934,13888
15,20934,13889
15,20934,13890
15,20934,13891
15,20934,13892
15,20934,13893
15,20934,13894
15,20934,13895
15,20934,13896
15,20934,13897
15,20934,13898
15,20934,13899
15,20934,13900
15,20934,13901
15,20934,13902
15,20934,13903
15,20934,13904
15,20934,13905
15,20934,13906
15,20934,13907
15,20934,13908
15,20934,13909
15,20934,13910
15,20934,13911
15,20934,13912
15,20934,13913
15,20934,13914
15,20934,13915
15,20934,13916
15,20934,13917
15,20934,13918
15,20934,13919
15,20934,13920
15,20935,13887
15,20935,13888
15,20935,13889
15,20935,13890
15,20935,13891
15,20935,13892
15,20935,13893
15,20935,13894
15,20935,13895
15,20935,13896
15,20935,13897
15,20935,13898
15,20935,13899
15,20935,13900
15,20935,13901
15,20935,13902
15,20935,13903
15,20935,13904
15,20935,13905
15,20935,13906
15,20935,13907
15,20935,13908
15,20935,13909
15,20935,13910
15,20935,13911
15,20935,13912
15,20935,13913
15,20935,13914
15,20935,13915
15,20935,13916
15,20935,13917
15,20935,13918
15,20935,13919
15,20935,13920
15,20936,13887
15,20936,13888
15,20936,13889
15,20936,13890
15,20936,13891
15,20936,13892
15,20936,13893
15,20936,13894
15,20936,13895
15,20936,13896
15,20936,13897
15,20936,13898
15,20936,13899
15,20936,13900
15,20936,13901
15,20936,13902
15,20936,13903
15,20936,13904
15,20936,13905
15,20936,13906
15,20936,13907
15,20936,13908
15,20936,13909
15,20936,13910
15,20936,13911
15,20936,13912
15,20936,13913
15,20936,13914
15,20936,13915
15,20936,13916
15,20936,13917
15,20936,13918
15,20936,13919
15,20936,13920
15,20937,13887
15,20937,13888
15,20937,13889
15,20937,13890
15,20937,13891
15,20937,13892
15,20937,13893
15,20937,13894
15,20937,13895
15,20937,13896
15,20937,13897
15,20937,13898
15,20937,13899
15,20937,13900
15,20937,13901
15,20937,13902
15,20937,13903
15,20937,13904
15,20937,13905
15,20937,13906
15,20937,13907
15,20937,13908
15,20937,13909
15,20937,13910
15,20937,13911
15,20937,13912
15,20937,13913
15,20937,13914
15,20937,13915
15,20937,13916
15,20937,13917
15,20937,13918
15,20937,13919
15,20937,13920
15,20938,13887
15,20938,13888
15,20938,13889
15,20938,13890
15,20938,13891
15,20938,13892
15,20938,13893
15,20938,13894
15,20938,13895
15,20938,13896
15,20938,13897
15,20938,13898
15,20938,13899
15,20938,13900
15,20938,13901
15,20938,13902
15,20938,13903
15,20938,13904
15,20938,13905
15,20938,13906
15,20938,13907
15,20938,13908
15,20938,13909
15,20938,13910
15,20938,13911
15,20938,13912
15,20938,13913
15,20938,13914
15,20938,13915
15,20938,13916
15,20938,13917
15,20938,13918
15,20938,13919
15,20938,13920
15,20939,13887
15,20939,13888
15,20939,13889
15,20939,13890
15,20939,13891
15,20939,13892
15,20939,13893
15,20939,13894
15,20939,13895
15,20939,13896
15,20939,13897
15,20939,13898
15,20939,13899
15,20939,13900
15,20939,13901
15,20939,13902
15,20939,13903
15,20939,13904
15,20939,13905
15,20939,13906
15,20939,13907
15,20939,13908
15,20939,13909
15,20939,13910
15,20939,13911
15,20939,13912
15,20939,13913
15,20939,13914
15,20939,13915
15,20939,13916
15,20939,13917
15,20939,13918
15,20939,13919
15,20939,13920
15,20940,13887
15,20940,13888
15,20940,13889
15,20940,13890
15,20940,13891
15,20940,13892
15,20940,13893
15,20940,13894
15,20940,13895
15,20940,13896
15,20940,13897
15,20940,13898
15,20940,13899
15,20940,13900
15,20940,13901
15,20940,13902
15,20940,13903
15,20940,13904
15,20940,13905
15,20940,13906
15,20940,13907
15,20940,13908
15,20940,13909
15,20940,13910
15,20940,13911
15,20940,13912
15,20940,13913
15,20940,13914
15,20940,13915
15,20940,13916
15,20940,13917
15,20940,13918
15,20940,13919
15,20940,13920
15,20941,13887
15,20941,13888
15,20941,13889
15,20941,13890
15,20941,13891
15,20941,13892
15,20941,13893
15,20941,13894
15,20941,13895
15,20941,13896
15,20941,13897
15,20941,13898
15,20941,13899
15,20941,13900
15,20941,13901
15,20941,13902
15,20941,13903
15,20941,13904
15,20941,13905
15,20941,13906
15,20941,13907
15,20941,13908
15,20941,13909
15,20941,13910
15,20941,13911
15,20941,13912
15,20941,13913
15,20941,13914
15,20941,13915
15,20941,13916
15,20941,13917
15,20941,13918
15,20941,13919
15,20941,13920
15,20942,13887
15,20942,13888
15,20942,13889
15,20942,13890
15,20942,13891
15,20942,13892
15,20942,13893
15,20942,13894
15,20942,13895
15,20942,13896
15,20942,13897
15,20942,13898
15,20942,13899
15,20942,13900
15,20942,13901
15,20942,13902
15,20942,13903
15,20942,13904
15,20942,13905
15,20942,13906
15,20942,13907
15,20942,13908
15,20942,13909
15,20942,13910
15,20942,13911
15,20942,13912
15,20942,13913
15,20942,13914
15,20942,13915
15,20942,13916
15,20942,13917
15,20942,13918
15,20942,13919
15,20942,13920
15,20943,13887
15,20943,13888
15,20943,13889
15,20943,13890
15,20943,13891
15,20943,13892
15,20943,13893
15,20943,13894
15,20943,13895
15,20943,13896
15,20943,13897
15,20943,13898
15,20943,13899
15,20943,13900
15,20943,13901
15,20943,13902
15,20943,13903
15,20943,13904
15,20943,13905
15,20943,13906
15,20943,13907
15,20943,13908
15,20943,13909
15,20943,13910
15,20943,13911
15,20943,13912
15,20943,13913
15,20943,13914
15,20943,13915
15,20943,13916
15,20943,13917
15,20943,13918
15,20943,13919
15,20943,13920
15,20944,13887
15,20944,13888
15,20944,13889
15,20944,13890
15,20944,13891
15,20944,13892
15,20944,13893
15,20944,13894
15,20944,13895
15,20944,13896
15,20944,13897
15,20944,13898
15,20944,13899
15,20944,13900
15,20944,13901
15,20944,13902
15,20944,13903
15,20944,13904
15,20944,13905
15,20944,13906
15,20944,13907
15,20944,13908
15,20944,13909
15,20944,13910
15,20944,13911
15,20944,13912
15,20944,13913
15,20944,13914
15,20944,13915
15,20944,13916
15,20944,13917
15,20944,13918
15,20944,13919
15,20944,13920
15,20945,13887
15,20945,13888
15,20945,13889
15,20945,13890
15,20945,13891
15,20945,13892
15,20945,13893
15,20945,13894
15,20945,13895
15,20945,13896
15,20945,13897
15,20945,13898
15,20945,13899
15,20945,13900
15,20945,13901
15,20945,13902
15,20945,13903
15,20945,13904
15,20945,13905
15,20945,13906
15,20945,13907
15,20945,13908
15,20945,13909
15,20945,13910
15,20945,13911
15,20945,13912
15,20945,13913
15,20945,13914
15,20945,13915
15,20945,13916
15,20945,13917
15,20945,13918
15,20945,13919
15,20945,13920
15,20946,13887
15,20946,13888
15,20946,13889
15,20946,13890
15,20946,13891
15,20946,13892
15,20946,13893
15,20946,13894
15,20946,13895
15,20946,13896
15,20946,13897
15,20946,13898
15,20946,13899
15,20946,13900
15,20946,13901
15,20946,13902
15,20946,13903
15,20946,13904
15,20946,13905
15,20946,13906
15,20946,13907
15,20946,13908
15,20946,13909
15,20946,13910
15,20946,13911
15,20946,13912
15,20946,13913
15,20946,13914
15,20946,13915
15,20946,13916
15,20946,13917
15,20946,13918
15,20946,13919
15,20946,13920
15,20947,13887
15,20947,13888
15,20947,13889
15,20947,13890
15,20947,13891
15,20947,13892
15,20947,13893
15,20947,13894
15,20947,13895
15,20947,13896
15,20947,13897
15,20947,13898
15,20947,13899
15,20947,13900
15,20947,13901
15,20947,13902
15,20947,13903
15,20947,13904
15,20947,13905
15,20947,13906
15,20947,13907
15,20947,13908
15,20947,13909
15,20947,13910
15,20947,13911
15,20947,13912
15,20947,13913
15,20947,13914
15,20947,13915
15,20947,13916
15,20947,13917
15,20947,13918
15,20947,13919
15,20947,13920
15,20948,13887
15,20948,13888
15,20948,13889
15,20948,13890
15,20948,13891
15,20948,13892
15,20948,13893
15,20948,13894
15,20948,13895
15,20948,13896
15,20948,13897
15,20948,13898
15,20948,13899
15,20948,13900
15,20948,13901
15,20948,13902
15,20948,13903
15,20948,13904
15,20948,13905
15,20948,13906
15,20948,13907
15,20948,13908
15,20948,13909
15,20948,13910
15,20948,13911
15,20948,13912
15,20948,13913
15,20948,13914
15,20948,13915
15,20948,13916
15,20948,13917
15,20948,13918
15,20948,13919
15,20948,13920
15,20949,13887
15,20949,13888
15,20949,13889
15,20949,13890
15,20949,13891
15,20949,13892
15,20949,13893
15,20949,13894
15,20949,13895
15,20949,13896
15,20949,13897
15,20949,13898
15,20949,13899
15,20949,13900
15,20949,13901
15,20949,13902
15,20949,13903
15,20949,13904
15,20949,13905
15,20949,13906
15,20949,13907
15,20949,13908
15,20949,13909
15,20949,13910
15,20949,13911
15,20949,13912
15,20949,13913
15,20949,13914
15,20949,13915
15,20949,13916
15,20949,13917
15,20949,13918
15,20949,13919
15,20949,13920
15,20950,13887
15,20950,13888
15,20950,13889
15,20950,13890
15,20950,13891
15,20950,13892
15,20950,13893
15,20950,13894
15,20950,13895
15,20950,13896
15,20950,13897
15,20950,13898
15,20950,13899
15,20950,13900
15,20950,13901
15,20950,13902
15,20950,13903
15,20950,13904
15,20950,13905
15,20950,13906
15,20950,13907
15,20950,13908
15,20950,13909
15,20950,13910
15,20950,13911
15,20950,13912
15,20950,13913
15,20950,13914
15,20950,13915
15,20950,13916
15,20950,13917
15,20950,13918
15,20950,13919
15,20950,13920
15,20951,13887
15,20951,13888
15,20951,13889
15,20951,13890
15,20951,13891
15,20951,13892
15,20951,13893
15,20951,13894
15,20951,13895
15,20951,13896
15,20951,13897
15,20951,13898
15,20951,13899
15,20951,13900
15,20951,13901
15,20951,13902
15,20951,13903
15,20951,13904
15,20951,13905
15,20951,13906
15,20951,13907
15,20951,13908
15,20951,13909
15,20951,13910
15,20951,13911
15,20951,13912
15,20951,13913
15,20951,13914
15,20951,13915
15,20951,13916
15,20951,13917
15,20951,13918
15,20951,13919
15,20951,13920
15,20952,13887
15,20952,13888
15,20952,13889
15,20952,13890
15,20952,13891
15,20952,13892
15,20952,13893
15,20952,13894
15,20952,13895
15,20952,13896
15,20952,13897
15,20952,13898
15,20952,13899
15,20952,13900
15,20952,13901
15,20952,13902
15,20952,13903
15,20952,13904
15,20952,13905
15,20952,13906
15,20952,13907
15,20952,13908
15,20952,13909
15,20952,13910
15,20952,13911
15,20952,13912
15,20952,13913
15,20952,13914
15,20952,13915
15,20952,13916
15,20952,13917
15,20952,13918
15,20952,13919
15,20952,13920
15,20953,13887
15,20953,13888
15,20953,13889
15,20953,13890
15,20953,13891
15,20953,13892
15,20953,13893
15,20953,13894
15,20953,13895
15,20953,13896
15,20953,13897
15,20953,13898
15,20953,13899
15,20953,13900
15,20953,13901
15,20953,13902
15,20953,13903
15,20953,13904
15,20953,13905
15,20953,13906
15,20953,13907
15,20953,13908
15,20953,13909
15,20953,13910
15,20953,13911
15,20953,13912
15,20953,13913
15,20953,13914
15,20953,13915
15,20953,13916
15,20953,13917
15,20953,13918
15,20953,13919
15,20953,13920
15,20954,13887
15,20954,13888
15,20954,13889
15,20954,13890
15,20954,13891
15,20954,13892
15,20954,13893
15,20954,13894
15,20954,13895
15,20954,13896
15,20954,13897
15,20954,13898
15,20954,13899
15,20954,13900
15,20954,13901
15,20954,13902
15,20954,13903
15,20954,13904
15,20954,13905
15,20954,13906
15,20954,13907
15,20954,13908
15,20954,13909
15,20954,13910
15,20954,13911
15,20954,13912
15,20954,13913
15,20954,13914
15,20954,13915
15,20954,13916
15,20954,13917
15,20954,13918
15,20954,13919
15,20954,13920
15,20955,13887
15,20955,13888
15,20955,13889
15,20955,13890
15,20955,13891
15,20955,13892
15,20955,13893
15,20955,13894
15,20955,13895
15,20955,13896
15,20955,13897
15,20955,13898
15,20955,13899
15,20955,13900
15,20955,13901
15,20955,13902
15,20955,13903
15,20955,13904
15,20955,13905
15,20955,13906
15,20955,13907
15,20955,13908
15,20955,13909
15,20955,13910
15,20955,13911
15,20955,13912
15,20955,13913
15,20955,13914
15,20955,13915
15,20955,13916
15,20955,13917
15,20955,13918
15,20955,13919
15,20955,13920
15,20956,13887
15,20956,13888
15,20956,13889
15,20956,13890
15,20956,13891
15,20956,13892
15,20956,13893
15,20956,13894
15,20956,13895
15,20956,13896
15,20956,13897
15,20956,13898
15,20956,13899
15,20956,13900
15,20956,13901
15,20956,13902
15,20956,13903
15,20956,13904
15,20956,13905
15,20956,13906
15,20956,13907
15,20956,13908
15,20956,13909
15,20956,13910
15,20956,13911
15,20956,13912
15,20956,13913
15,20956,13914
15,20956,13915
15,20956,13916
15,20956,13917
15,20956,13918
15,20956,13919
15,20956,13920
15,20957,13887
15,20957,13888
15,20957,13889
15,20957,13890
15,20957,13891
15,20957,13892
15,20957,13893
15,20957,13894
15,20957,13895
15,20957,13896
15,20957,13897
15,20957,13898
15,20957,13899
15,20957,13900
15,20957,13901
15,20957,13902
15,20957,13903
15,20957,13904
15,20957,13905
15,20957,13906
15,20957,13907
15,20957,13908
15,20957,13909
15,20957,13910
15,20957,13911
15,20957,13912
15,20957,13913
15,20957,13914
15,20957,13915
15,20957,13916
15,20957,13917
15,20957,13918
15,20957,13919
15,20957,13920
