15,19942,14367
15,19942,14368
15,19942,14369
15,19942,14370
15,19942,14371
15,19942,14372
15,19942,14373
15,19942,14374
15,19942,14375
15,19942,14376
15,19942,14377
15,19942,14378
15,19942,14379
15,19942,14380
15,19942,14381
15,19942,14382
15,19942,14383
15,19942,14384
15,19942,14385
15,19942,14386
15,19942,14387
15,19942,14388
15,19942,14389
15,19942,14390
15,19942,14391
15,19942,14392
15,19942,14393
15,19942,14394
15,19942,14395
15,19942,14396
15,19942,14397
15,19942,14398
15,19942,14399
15,19942,14400
15,19943,14367
15,19943,14368
15,19943,14369
15,19943,14370
15,19943,14371
15,19943,14372
15,19943,14373
15,19943,14374
15,19943,14375
15,19943,14376
15,19943,14377
15,19943,14378
15,19943,14379
15,19943,14380
15,19943,14381
15,19943,14382
15,19943,14383
15,19943,14384
15,19943,14385
15,19943,14386
15,19943,14387
15,19943,14388
15,19943,14389
15,19943,14390
15,19943,14391
15,19943,14392
15,19943,14393
15,19943,14394
15,19943,14395
15,19943,14396
15,19943,14397
15,19943,14398
15,19943,14399
15,19943,14400
15,19944,14367
15,19944,14368
15,19944,14369
15,19944,14370
15,19944,14371
15,19944,14372
15,19944,14373
15,19944,14374
15,19944,14375
15,19944,14376
15,19944,14377
15,19944,14378
15,19944,14379
15,19944,14380
15,19944,14381
15,19944,14382
15,19944,14383
15,19944,14384
15,19944,14385
15,19944,14386
15,19944,14387
15,19944,14388
15,19944,14389
15,19944,14390
15,19944,14391
15,19944,14392
15,19944,14393
15,19944,14394
15,19944,14395
15,19944,14396
15,19944,14397
15,19944,14398
15,19944,14399
15,19944,14400
15,19945,14367
15,19945,14368
15,19945,14369
15,19945,14370
15,19945,14371
15,19945,14372
15,19945,14373
15,19945,14374
15,19945,14375
15,19945,14376
15,19945,14377
15,19945,14378
15,19945,14379
15,19945,14380
15,19945,14381
15,19945,14382
15,19945,14383
15,19945,14384
15,19945,14385
15,19945,14386
15,19945,14387
15,19945,14388
15,19945,14389
15,19945,14390
15,19945,14391
15,19945,14392
15,19945,14393
15,19945,14394
15,19945,14395
15,19945,14396
15,19945,14397
15,19945,14398
15,19945,14399
15,19945,14400
15,19946,14367
15,19946,14368
15,19946,14369
15,19946,14370
15,19946,14371
15,19946,14372
15,19946,14373
15,19946,14374
15,19946,14375
15,19946,14376
15,19946,14377
15,19946,14378
15,19946,14379
15,19946,14380
15,19946,14381
15,19946,14382
15,19946,14383
15,19946,14384
15,19946,14385
15,19946,14386
15,19946,14387
15,19946,14388
15,19946,14389
15,19946,14390
15,19946,14391
15,19946,14392
15,19946,14393
15,19946,14394
15,19946,14395
15,19946,14396
15,19946,14397
15,19946,14398
15,19946,14399
15,19946,14400
15,19947,14367
15,19947,14368
15,19947,14369
15,19947,14370
15,19947,14371
15,19947,14372
15,19947,14373
15,19947,14374
15,19947,14375
15,19947,14376
15,19947,14377
15,19947,14378
15,19947,14379
15,19947,14380
15,19947,14381
15,19947,14382
15,19947,14383
15,19947,14384
15,19947,14385
15,19947,14386
15,19947,14387
15,19947,14388
15,19947,14389
15,19947,14390
15,19947,14391
15,19947,14392
15,19947,14393
15,19947,14394
15,19947,14395
15,19947,14396
15,19947,14397
15,19947,14398
15,19947,14399
15,19947,14400
15,19948,14367
15,19948,14368
15,19948,14369
15,19948,14370
15,19948,14371
15,19948,14372
15,19948,14373
15,19948,14374
15,19948,14375
15,19948,14376
15,19948,14377
15,19948,14378
15,19948,14379
15,19948,14380
15,19948,14381
15,19948,14382
15,19948,14383
15,19948,14384
15,19948,14385
15,19948,14386
15,19948,14387
15,19948,14388
15,19948,14389
15,19948,14390
15,19948,14391
15,19948,14392
15,19948,14393
15,19948,14394
15,19948,14395
15,19948,14396
15,19948,14397
15,19948,14398
15,19948,14399
15,19948,14400
15,19949,14367
15,19949,14368
15,19949,14369
15,19949,14370
15,19949,14371
15,19949,14372
15,19949,14373
15,19949,14374
15,19949,14375
15,19949,14376
15,19949,14377
15,19949,14378
15,19949,14379
15,19949,14380
15,19949,14381
15,19949,14382
15,19949,14383
15,19949,14384
15,19949,14385
15,19949,14386
15,19949,14387
15,19949,14388
15,19949,14389
15,19949,14390
15,19949,14391
15,19949,14392
15,19949,14393
15,19949,14394
15,19949,14395
15,19949,14396
15,19949,14397
15,19949,14398
15,19949,14399
15,19949,14400
15,19950,14367
15,19950,14368
15,19950,14369
15,19950,14370
15,19950,14371
15,19950,14372
15,19950,14373
15,19950,14374
15,19950,14375
15,19950,14376
15,19950,14377
15,19950,14378
15,19950,14379
15,19950,14380
15,19950,14381
15,19950,14382
15,19950,14383
15,19950,14384
15,19950,14385
15,19950,14386
15,19950,14387
15,19950,14388
15,19950,14389
15,19950,14390
15,19950,14391
15,19950,14392
15,19950,14393
15,19950,14394
15,19950,14395
15,19950,14396
15,19950,14397
15,19950,14398
15,19950,14399
15,19950,14400
15,19951,14367
15,19951,14368
15,19951,14369
15,19951,14370
15,19951,14371
15,19951,14372
15,19951,14373
15,19951,14374
15,19951,14375
15,19951,14376
15,19951,14377
15,19951,14378
15,19951,14379
15,19951,14380
15,19951,14381
15,19951,14382
15,19951,14383
15,19951,14384
15,19951,14385
15,19951,14386
15,19951,14387
15,19951,14388
15,19951,14389
15,19951,14390
15,19951,14391
15,19951,14392
15,19951,14393
15,19951,14394
15,19951,14395
15,19951,14396
15,19951,14397
15,19951,14398
15,19951,14399
15,19951,14400
15,19952,14367
15,19952,14368
15,19952,14369
15,19952,14370
15,19952,14371
15,19952,14372
15,19952,14373
15,19952,14374
15,19952,14375
15,19952,14376
15,19952,14377
15,19952,14378
15,19952,14379
15,19952,14380
15,19952,14381
15,19952,14382
15,19952,14383
15,19952,14384
15,19952,14385
15,19952,14386
15,19952,14387
15,19952,14388
15,19952,14389
15,19952,14390
15,19952,14391
15,19952,14392
15,19952,14393
15,19952,14394
15,19952,14395
15,19952,14396
15,19952,14397
15,19952,14398
15,19952,14399
15,19952,14400
15,19953,14367
15,19953,14368
15,19953,14369
15,19953,14370
15,19953,14371
15,19953,14372
15,19953,14373
15,19953,14374
15,19953,14375
15,19953,14376
15,19953,14377
15,19953,14378
15,19953,14379
15,19953,14380
15,19953,14381
15,19953,14382
15,19953,14383
15,19953,14384
15,19953,14385
15,19953,14386
15,19953,14387
15,19953,14388
15,19953,14389
15,19953,14390
15,19953,14391
15,19953,14392
15,19953,14393
15,19953,14394
15,19953,14395
15,19953,14396
15,19953,14397
15,19953,14398
15,19953,14399
15,19953,14400
15,19954,14367
15,19954,14368
15,19954,14369
15,19954,14370
15,19954,14371
15,19954,14372
15,19954,14373
15,19954,14374
15,19954,14375
15,19954,14376
15,19954,14377
15,19954,14378
15,19954,14379
15,19954,14380
15,19954,14381
15,19954,14382
15,19954,14383
15,19954,14384
15,19954,14385
15,19954,14386
15,19954,14387
15,19954,14388
15,19954,14389
15,19954,14390
15,19954,14391
15,19954,14392
15,19954,14393
15,19954,14394
15,19954,14395
15,19954,14396
15,19954,14397
15,19954,14398
15,19954,14399
15,19954,14400
15,19955,14367
15,19955,14368
15,19955,14369
15,19955,14370
15,19955,14371
15,19955,14372
15,19955,14373
15,19955,14374
15,19955,14375
15,19955,14376
15,19955,14377
15,19955,14378
15,19955,14379
15,19955,14380
15,19955,14381
15,19955,14382
15,19955,14383
15,19955,14384
15,19955,14385
15,19955,14386
15,19955,14387
15,19955,14388
15,19955,14389
15,19955,14390
15,19955,14391
15,19955,14392
15,19955,14393
15,19955,14394
15,19955,14395
15,19955,14396
15,19955,14397
15,19955,14398
15,19955,14399
15,19955,14400
15,19956,14367
15,19956,14368
15,19956,14369
15,19956,14370
15,19956,14371
15,19956,14372
15,19956,14373
15,19956,14374
15,19956,14375
15,19956,14376
15,19956,14377
15,19956,14378
15,19956,14379
15,19956,14380
15,19956,14381
15,19956,14382
15,19956,14383
15,19956,14384
15,19956,14385
15,19956,14386
15,19956,14387
15,19956,14388
15,19956,14389
15,19956,14390
15,19956,14391
15,19956,14392
15,19956,14393
15,19956,14394
15,19956,14395
15,19956,14396
15,19956,14397
15,19956,14398
15,19956,14399
15,19956,14400
15,19957,14367
15,19957,14368
15,19957,14369
15,19957,14370
15,19957,14371
15,19957,14372
15,19957,14373
15,19957,14374
15,19957,14375
15,19957,14376
15,19957,14377
15,19957,14378
15,19957,14379
15,19957,14380
15,19957,14381
15,19957,14382
15,19957,14383
15,19957,14384
15,19957,14385
15,19957,14386
15,19957,14387
15,19957,14388
15,19957,14389
15,19957,14390
15,19957,14391
15,19957,14392
15,19957,14393
15,19957,14394
15,19957,14395
15,19957,14396
15,19957,14397
15,19957,14398
15,19957,14399
15,19957,14400
15,19958,14367
15,19958,14368
15,19958,14369
15,19958,14370
15,19958,14371
15,19958,14372
15,19958,14373
15,19958,14374
15,19958,14375
15,19958,14376
15,19958,14377
15,19958,14378
15,19958,14379
15,19958,14380
15,19958,14381
15,19958,14382
15,19958,14383
15,19958,14384
15,19958,14385
15,19958,14386
15,19958,14387
15,19958,14388
15,19958,14389
15,19958,14390
15,19958,14391
15,19958,14392
15,19958,14393
15,19958,14394
15,19958,14395
15,19958,14396
15,19958,14397
15,19958,14398
15,19958,14399
15,19958,14400
15,19959,14367
15,19959,14368
15,19959,14369
15,19959,14370
15,19959,14371
15,19959,14372
15,19959,14373
15,19959,14374
15,19959,14375
15,19959,14376
15,19959,14377
15,19959,14378
15,19959,14379
15,19959,14380
15,19959,14381
15,19959,14382
15,19959,14383
15,19959,14384
15,19959,14385
15,19959,14386
15,19959,14387
15,19959,14388
15,19959,14389
15,19959,14390
15,19959,14391
15,19959,14392
15,19959,14393
15,19959,14394
15,19959,14395
15,19959,14396
15,19959,14397
15,19959,14398
15,19959,14399
15,19959,14400
15,19960,14367
15,19960,14368
15,19960,14369
15,19960,14370
15,19960,14371
15,19960,14372
15,19960,14373
15,19960,14374
15,19960,14375
15,19960,14376
15,19960,14377
15,19960,14378
15,19960,14379
15,19960,14380
15,19960,14381
15,19960,14382
15,19960,14383
15,19960,14384
15,19960,14385
15,19960,14386
15,19960,14387
15,19960,14388
15,19960,14389
15,19960,14390
15,19960,14391
15,19960,14392
15,19960,14393
15,19960,14394
15,19960,14395
15,19960,14396
15,19960,14397
15,19960,14398
15,19960,14399
15,19960,14400
15,19961,14367
15,19961,14368
15,19961,14369
15,19961,14370
15,19961,14371
15,19961,14372
15,19961,14373
15,19961,14374
15,19961,14375
15,19961,14376
15,19961,14377
15,19961,14378
15,19961,14379
15,19961,14380
15,19961,14381
15,19961,14382
15,19961,14383
15,19961,14384
15,19961,14385
15,19961,14386
15,19961,14387
15,19961,14388
15,19961,14389
15,19961,14390
15,19961,14391
15,19961,14392
15,19961,14393
15,19961,14394
15,19961,14395
15,19961,14396
15,19961,14397
15,19961,14398
15,19961,14399
15,19961,14400
15,19962,14367
15,19962,14368
15,19962,14369
15,19962,14370
15,19962,14371
15,19962,14372
15,19962,14373
15,19962,14374
15,19962,14375
15,19962,14376
15,19962,14377
15,19962,14378
15,19962,14379
15,19962,14380
15,19962,14381
15,19962,14382
15,19962,14383
15,19962,14384
15,19962,14385
15,19962,14386
15,19962,14387
15,19962,14388
15,19962,14389
15,19962,14390
15,19962,14391
15,19962,14392
15,19962,14393
15,19962,14394
15,19962,14395
15,19962,14396
15,19962,14397
15,19962,14398
15,19962,14399
15,19962,14400
15,19963,14367
15,19963,14368
15,19963,14369
15,19963,14370
15,19963,14371
15,19963,14372
15,19963,14373
15,19963,14374
15,19963,14375
15,19963,14376
15,19963,14377
15,19963,14378
15,19963,14379
15,19963,14380
15,19963,14381
15,19963,14382
15,19963,14383
15,19963,14384
15,19963,14385
15,19963,14386
15,19963,14387
15,19963,14388
15,19963,14389
15,19963,14390
15,19963,14391
15,19963,14392
15,19963,14393
15,19963,14394
15,19963,14395
15,19963,14396
15,19963,14397
15,19963,14398
15,19963,14399
15,19963,14400
15,19964,14367
15,19964,14368
15,19964,14369
15,19964,14370
15,19964,14371
15,19964,14372
15,19964,14373
15,19964,14374
15,19964,14375
15,19964,14376
15,19964,14377
15,19964,14378
15,19964,14379
15,19964,14380
15,19964,14381
15,19964,14382
15,19964,14383
15,19964,14384
15,19964,14385
15,19964,14386
15,19964,14387
15,19964,14388
15,19964,14389
15,19964,14390
15,19964,14391
15,19964,14392
15,19964,14393
15,19964,14394
15,19964,14395
15,19964,14396
15,19964,14397
15,19964,14398
15,19964,14399
15,19964,14400
15,19965,14367
15,19965,14368
15,19965,14369
15,19965,14370
15,19965,14371
15,19965,14372
15,19965,14373
15,19965,14374
15,19965,14375
15,19965,14376
15,19965,14377
15,19965,14378
15,19965,14379
15,19965,14380
15,19965,14381
15,19965,14382
15,19965,14383
15,19965,14384
15,19965,14385
15,19965,14386
15,19965,14387
15,19965,14388
15,19965,14389
15,19965,14390
15,19965,14391
15,19965,14392
15,19965,14393
15,19965,14394
15,19965,14395
15,19965,14396
15,19965,14397
15,19965,14398
15,19965,14399
15,19965,14400
15,19966,14367
15,19966,14368
15,19966,14369
15,19966,14370
15,19966,14371
15,19966,14372
15,19966,14373
15,19966,14374
15,19966,14375
15,19966,14376
15,19966,14377
15,19966,14378
15,19966,14379
15,19966,14380
15,19966,14381
15,19966,14382
15,19966,14383
15,19966,14384
15,19966,14385
15,19966,14386
15,19966,14387
15,19966,14388
15,19966,14389
15,19966,14390
15,19966,14391
15,19966,14392
15,19966,14393
15,19966,14394
15,19966,14395
15,19966,14396
15,19966,14397
15,19966,14398
15,19966,14399
15,19966,14400
15,19967,14367
15,19967,14368
15,19967,14369
15,19967,14370
15,19967,14371
15,19967,14372
15,19967,14373
15,19967,14374
15,19967,14375
15,19967,14376
15,19967,14377
15,19967,14378
15,19967,14379
15,19967,14380
15,19967,14381
15,19967,14382
15,19967,14383
15,19967,14384
15,19967,14385
15,19967,14386
15,19967,14387
15,19967,14388
15,19967,14389
15,19967,14390
15,19967,14391
15,19967,14392
15,19967,14393
15,19967,14394
15,19967,14395
15,19967,14396
15,19967,14397
15,19967,14398
15,19967,14399
15,19967,14400
15,19968,14367
15,19968,14368
15,19968,14369
15,19968,14370
15,19968,14371
15,19968,14372
15,19968,14373
15,19968,14374
15,19968,14375
15,19968,14376
15,19968,14377
15,19968,14378
15,19968,14379
15,19968,14380
15,19968,14381
15,19968,14382
15,19968,14383
15,19968,14384
15,19968,14385
15,19968,14386
15,19968,14387
15,19968,14388
15,19968,14389
15,19968,14390
15,19968,14391
15,19968,14392
15,19968,14393
15,19968,14394
15,19968,14395
15,19968,14396
15,19968,14397
15,19968,14398
15,19968,14399
15,19968,14400
